Chromatic Number: 6
Colors:
1 1
2 2
3 1
4 3
5 4
6 1
7 4
8 3
9 5
10 5
11 4
12 6
13 2
14 2
15 5
16 2
17 2
18 3
19 6
20 1

Chromatic Number: 6
Colors:
1 1
2 2
3 3
4 2
5 4
6 3
7 2
8 4
9 2
10 5
11 1
12 2
13 4
14 1
15 6
16 2
17 3
18 6
19 5
20 5
21 1
22 1
23 6
24 3
25 4

Chromatic Number: 8
Colors:
1 1
2 2
3 3
4 1
5 1
6 2
7 4
8 3
9 3
10 4
11 2
12 5
13 6
14 6
15 5
16 7
17 7
18 5
19 4
20 8
21 8
22 7
23 1
24 8
25 2
26 4
27 3
28 8
29 7
30 3

Chromatic Number: 8
Colors:
1 1
2 1
3 2
4 2
5 3
6 4
7 5
8 1
9 6
10 3
11 4
12 5
13 4
14 7
15 5
16 1
17 2
18 3
19 5
20 7
21 6
22 1
23 6
24 2
25 1
26 3
27 2
28 5
29 8
30 6
31 8
32 7
33 7
34 8
35 6

----
Chromatic Number: 6
Colors:
1 1
2 2
3 1
4 3
5 4
6 1
7 4
8 3
9 5
10 5
11 4
12 6
13 2
14 2
15 5
16 2
17 2
18 3
19 6
20 1

Chromatic Number: 6
Colors:
1 1
2 2
3 3
4 2
5 4
6 3
7 2
8 4
9 2
10 5
11 1
12 2
13 4
14 1
15 6
16 2
17 3
18 6
19 5
20 5
21 1
22 1
23 6
24 3
25 4

Chromatic Number: 8
Colors:
1 1
2 2
3 3
4 1
5 1
6 2
7 4
8 3
9 3
10 4
11 2
12 5
13 6
14 6
15 5
16 7
17 7
18 5
19 4
20 8
21 8
22 7
23 1
24 8
25 2
26 4
27 3
28 8
29 7
30 3

Chromatic Number: 6
Colors:
1 1
2 2
3 1
4 3
5 4
6 1
7 4
8 3
9 5
10 5
11 4
12 6
13 2
14 2
15 5
16 2
17 2
18 3
19 6
20 1

Chromatic Number: 6
Colors:
1 1
2 2
3 3
4 2
5 4
6 3
7 2
8 4
9 2
10 5
11 1
12 2
13 4
14 1
15 6
16 2
17 3
18 6
19 5
20 5
21 1
22 1
23 6
24 3
25 4

Chromatic Number: 8
Colors:
1 1
2 1
3 2
4 2
5 3
6 4
7 5
8 6
9 6
10 3
11 4
12 5
13 4
14 7
15 5
16 2
17 8
18 3
19 5
20 7
21 7
22 7
23 6
24 2
25 1
26 2
27 2
28 5
29 8
30 8
31 6
32 8
33 8
34 1
35 3

Chromatic Number: 8
Colors:
1 1
2 1
3 2
4 2
5 3
6 4
7 5
8 1
9 6
10 3
11 4
12 5
13 4
14 7
15 5
16 1
17 2
18 3
19 5
20 7
21 6
22 1
23 6
24 2
25 1
26 3
27 2
28 5
29 8
30 6
31 8
32 7
33 7
34 8
35 6

Chromatic Number: 8
Colors:
1 1
2 2
3 3
4 1
5 1
6 2
7 4
8 3
9 3
10 4
11 2
12 5
13 6
14 6
15 5
16 7
17 7
18 5
19 4
20 8
21 8
22 7
23 1
24 8
25 2
26 4
27 3
28 8
29 7
30 3

Chromatic Number: 6
Colors:
1 1
2 2
3 1
4 3
5 4
6 1
7 4
8 3
9 5
10 5
11 4
12 6
13 2
14 2
15 5
16 2
17 2
18 3
19 6
20 1

Chromatic Number: 6
Colors:
1 1
2 2
3 3
4 2
5 4
6 3
7 2
8 4
9 2
10 5
11 1
12 2
13 4
14 1
15 6
16 2
17 3
18 6
19 5
20 5
21 1
22 1
23 6
24 3
25 4

Chromatic Number: 8
Colors:
1 1
2 1
3 2
4 2
5 3
6 4
7 5
8 1
9 6
10 3
11 4
12 5
13 4
14 7
15 5
16 1
17 2
18 3
19 5
20 7
21 6
22 1
23 6
24 2
25 1
26 3
27 2
28 5
29 8
30 6
31 8
32 7
33 7
34 8
35 6

Chromatic Number: 8
Colors:
1 1
2 2
3 3
4 1
5 1
6 2
7 4
8 3
9 3
10 4
11 2
12 5
13 6
14 6
15 5
16 7
17 7
18 5
19 4
20 8
21 8
22 7
23 1
24 8
25 2
26 4
27 3
28 8
29 7
30 3

Chromatic Number: 6
Colors:
1 1
2 2
3 1
4 3
5 4
6 1
7 4
8 3
9 5
10 5
11 4
12 6
13 2
14 2
15 5
16 2
17 2
18 3
19 6
20 1

Chromatic Number: 6
Colors:
1 1
2 2
3 3
4 2
5 4
6 3
7 2
8 4
9 2
10 5
11 1
12 2
13 4
14 1
15 6
16 2
17 3
18 6
19 5
20 5
21 1
22 1
23 6
24 3
25 4

