177
1 11 7 8 10 6 12 9 3 2 5 4 1
1963
1 9 11 2 12 8 14 7 5 13 10 15 6 4 3 1
326
1 8 17 9 15 11 12 4 3 14 16 5 6 13 20 10 18 2 19 7 1
234
1 8 9 15 2 19 25 17 4 10 20 11 18 16 7 5 22 6 14 24 13 21 12 3 23 1
177
1 11 7 8 10 6 12 9 3 2 5 4 1
1963
1 9 11 2 12 8 14 7 5 13 10 15 6 4 3 1
369
1 17 9 15 13 20 16 5 6 8 18 2 11 12 4 3 14 10 19 7 1
177
1 11 7 8 10 6 12 9 3 2 5 4 1
1963
1 9 11 2 12 8 14 7 5 13 10 15 6 4 3 1
340
1 8 17 9 15 11 12 4 3 14 16 5 6 13 20 10 19 7 18 2 1
177
1 11 7 8 10 6 12 9 3 2 5 4 1
1963
1 9 11 2 12 8 14 7 5 13 10 15 6 4 3 1
337
1 8 18 14 10 19 7 2 17 16 5 6 13 20 12 4 3 9 15 11 1
177
1 11 7 8 10 6 12 9 3 2 5 4 1
1963
1 9 11 2 12 8 14 7 5 13 10 15 6 4 3 1
345
1 8 18 2 17 9 15 11 12 4 3 14 16 5 6 13 20 10 19 7 1
246
1 19 8 7 9 15 2 25 17 4 10 20 11 18 22 6 5 14 24 13 21 12 3 16 23 1
177
1 11 7 8 10 6 12 9 3 2 5 4 1
1963
1 9 11 2 12 8 14 7 5 13 10 15 6 4 3 1
347
1 8 18 2 11 12 4 3 14 16 5 6 17 9 15 13 20 10 19 7 1
279
1 21 12 3 7 8 9 6 5 22 25 17 4 23 19 2 15 14 24 13 10 20 11 18 16 1
