Chromatic number: 150

Color 1: 40 153 226 301 434 544 868 882 978 1239 
Color 2: 23 211 219 225 244 655 795 1055 1180 
Color 3: 168 387 406 426 535 594 600 607 972 1068 
Color 4: 6 282 497 574 703 877 1047 1228 1233 
Color 5: 2 111 164 223 287 288 297 606 688 999 1211 
Color 6: 56 138 142 242 263 270 414 552 998 1117 
Color 7: 159 210 407 530 741 1026 1028 1066 
Color 8: 41 69 107 232 401 518 615 705 1003 1208 
Color 9: 45 123 140 355 435 601 656 763 792 834 
Color 10: 7 31 148 180 280 411 976 1005 1074 1221 
Color 11: 38 59 455 551 777 780 931 1016 1049 1070 1131 
Color 12: 191 447 529 586 700 1021 1094 1126 
Color 13: 154 367 384 424 517 855 962 1042 1067 1232 1235 
Color 14: 26 174 448 617 647 698 823 881 1167 
Color 15: 117 247 353 671 721 786 817 898 1245 
Color 16: 99 300 366 528 539 722 808 1044 1226 
Color 17: 341 372 555 602 706 742 831 853 940 1178 
Color 18: 27 105 560 608 620 743 767 860 1061 
Color 19: 228 276 391 689 919 964 1122 1179 
Color 20: 313 427 465 567 571 749 761 803 858 1052 
Color 21: 208 302 508 638 816 959 1040 1158 1176 1218 
Color 22: 330 359 385 428 724 838 971 1002 1084 1101 1166 
Color 23: 13 155 344 479 490 989 1032 1202 
Color 24: 9 250 269 278 342 390 591 791 981 990 
Color 25: 97 110 143 363 545 707 751 878 
Color 26: 75 377 556 619 1092 1100 1132 1230 
Color 27: 73 89 369 558 573 755 758 815 1219 
Color 28: 47 290 326 570 784 854 867 900 1120 
Color 29: 98 281 324 498 672 782 863 1096 1108 1161 
Color 30: 133 192 603 631 765 908 986 1082 1146 1227 
Color 31: 74 137 515 595 651 682 756 812 1007 1056 
Color 32: 46 405 469 639 691 746 775 821 830 
Color 33: 53 62 197 333 421 565 614 833 847 956 1141 
Color 34: 235 262 293 362 382 423 437 579 811 1045 
Color 35: 121 415 473 514 576 618 752 896 980 1006 
Color 36: 36 258 412 764 779 873 1022 1050 
Color 37: 50 365 462 611 757 776 899 1058 1133 
Color 38: 1 55 162 185 395 474 826 1035 1199 
Color 39: 37 124 126 239 400 502 506 580 912 
Color 40: 15 161 202 446 516 525 720 827 979 
Color 41: 82 145 233 238 246 730 801 848 903 1018 
Color 42: 104 151 312 388 399 616 739 936 1148 1229 
Color 43: 10 150 243 356 644 783 806 890 1031 
Color 44: 12 135 335 588 852 871 1013 1144 1149 
Color 45: 379 417 438 562 630 714 874 880 1142 
Color 46: 57 322 396 419 504 766 818 862 1004 1153 1195 
Color 47: 78 217 349 526 540 642 719 1054 1115 1143 
Color 48: 29 51 160 547 550 636 1017 1023 1127 1181 
Color 49: 28 116 572 648 798 915 1184 1188 1243 
Color 50: 190 408 409 494 727 787 805 843 1198 
Color 51: 88 431 453 460 596 662 859 938 1238 
Color 52: 18 374 501 563 685 713 879 1138 1207 
Color 53: 205 218 320 534 702 836 865 866 1037 1145 
Color 54: 327 334 339 358 769 797 925 968 1029 
Color 55: 354 577 578 673 736 800 864 1090 1193 
Color 56: 70 109 308 445 747 1014 1039 1136 1169 1249 
Color 57: 90 165 241 393 485 666 951 1076 1121 
Color 58: 22 477 599 628 677 711 953 973 1159 
Color 59: 21 169 187 323 674 684 845 894 954 1171 1187 
Color 60: 274 296 420 454 554 694 992 1064 1130 
Color 61: 52 178 261 340 678 828 850 895 1036 
Color 62: 303 398 590 669 760 857 902 1123 1186 
Color 63: 39 491 537 920 1024 1073 1194 
Color 64: 129 189 229 236 667 710 952 960 1069 1172 
Color 65: 212 264 605 790 875 909 1111 1119 1210 
Color 66: 266 499 569 664 704 1057 1072 1080 1244 
Color 67: 19 25 35 403 413 726 839 841 1150 
Color 68: 72 120 188 772 842 927 967 1093 1201 
Color 69: 127 152 179 304 459 468 668 670 1155 
Color 70: 34 100 345 360 921 1089 1163 
Color 71: 14 316 482 532 788 916 935 939 1125 
Color 72: 79 268 279 347 450 918 1077 1129 1212 
Color 73: 4 255 343 472 542 829 904 1065 1151 1197 1223 
Color 74: 16 83 119 234 259 271 321 789 794 
Color 75: 175 299 336 441 495 584 589 905 937 
Color 76: 184 524 598 697 735 876 1079 1139 1237 
Color 77: 267 458 597 695 715 844 1010 1173 1250 
Color 78: 91 231 273 277 371 486 557 566 804 822 1217 
Color 79: 146 195 289 378 568 729 888 985 1246 
Color 80: 3 298 370 386 432 646 675 885 995 1041 
Color 81: 58 76 167 220 257 759 961 1110 1203 
Color 82: 87 348 493 725 814 856 1185 1248 
Color 83: 480 484 575 604 692 796 1192 1247 
Color 84: 11 66 71 661 732 799 958 1104 1196 
Color 85: 80 118 172 253 733 774 933 1105 1200 
Color 86: 130 394 513 660 781 861 930 1088 1215 
Color 87: 128 319 466 538 649 807 819 825 1112 
Color 88: 44 94 108 200 214 251 392 422 1170 
Color 89: 24 227 665 699 770 965 974 977 1204 
Color 90: 171 206 329 609 846 1038 1048 1191 
Color 91: 436 461 592 627 723 802 907 1113 1135 1206 
Color 92: 64 125 209 272 397 500 546 1087 1118 1241 
Color 93: 96 144 383 548 910 944 1025 1075 
Color 94: 20 182 286 522 712 997 1030 1183 1236 
Color 95: 149 198 457 564 737 748 886 984 1099 1175 
Color 96: 373 492 543 549 593 637 869 883 1137 
Color 97: 48 295 337 433 503 582 629 653 778 837 
Color 98: 114 134 442 463 496 949 991 1008 1231 
Color 99: 33 122 265 307 559 950 1078 1162 
Color 100: 136 204 309 331 451 773 913 1033 1034 
Color 101: 65 222 254 292 315 381 744 1157 
Color 102: 275 310 439 481 487 585 835 1214 
Color 103: 177 402 456 531 696 988 1106 1114 1124 
Color 104: 176 610 658 663 884 901 929 1015 1220 
Color 105: 509 520 680 892 966 1083 1109 1222 
Color 106: 207 284 291 380 410 709 969 993 1140 
Color 107: 81 92 113 132 404 429 464 632 891 911 1189 
Color 108: 49 147 418 624 635 922 1225 
Color 109: 196 201 351 440 809 849 887 1043 
Color 110: 85 139 157 186 970 996 1001 1107 
Color 111: 68 194 311 654 934 945 1190 
Color 112: 93 306 317 425 452 489 561 957 
Color 113: 30 294 368 470 583 1063 1224 
Color 114: 43 541 634 659 683 851 941 1081 
Color 115: 42 248 350 357 519 640 718 824 1019 1164 
Color 116: 17 170 173 389 623 820 1152 
Color 117: 8 63 141 216 325 641 643 948 
Color 118: 193 681 734 872 946 1213 
Color 119: 112 215 375 625 650 942 
Color 120: 131 338 521 687 924 975 1011 
Color 121: 115 158 612 750 785 889 1062 1103 
Color 122: 376 717 738 840 947 982 1085 
Color 123: 60 163 240 645 943 1095 1097 1165 
Color 124: 54 67 364 511 1012 1216 
Color 125: 252 285 314 690 740 793 917 
Color 126: 103 305 332 475 906 1060 1240 
Color 127: 101 478 613 652 1174 1182 
Color 128: 32 77 510 983 1160 1209 
Color 129: 245 256 476 994 1000 1046 
Color 130: 106 533 923 955 1098 1147 
Color 131: 346 361 768 1051 1091 1168 
Color 132: 237 430 444 745 1071 1242 
Color 133: 183 443 507 701 870 1102 
Color 134: 328 467 527 581 832 1116 1234 
Color 135: 5 86 352 622 716 753 
Color 136: 61 224 260 318 731 754 
Color 137: 283 536 587 676 1027 1059 
Color 138: 166 203 213 471 708 810 
Color 139: 84 657 914 1154 
Color 140: 488 505 771 932 1020 1205 
Color 141: 449 483 512 693 762 
Color 142: 102 156 416 633 1009 
Color 143: 181 230 679 728 926 
Color 144: 221 249 553 813 1053 1086 
Color 145: 199 626 987 
Color 146: 523 621 893 963 1177 
Color 147: 686 1128 
Color 148: 95 897 1134 
Color 149: 1156 
-------
Chromatic number: 69

Color 1: 21 147 173 179 203 237 296 381 
Color 2: 85 204 222 232 261 401 
Color 3: 165 213 289 321 332 356 412 500 
Color 4: 26 67 103 125 208 271 295 494 495 
Color 5: 14 161 195 249 267 297 311 337 
Color 6: 115 127 156 189 273 293 431 468 
Color 7: 209 243 251 284 365 435 460 482 489 
Color 8: 28 46 118 210 224 315 455 496 
Color 9: 51 62 106 280 405 419 463 483 
Color 10: 10 24 53 69 88 290 340 449 
Color 11: 111 146 199 283 308 314 433 452 
Color 12: 5 89 144 159 167 230 242 257 373 
Color 13: 47 102 114 200 327 329 349 436 450 488 
Color 14: 6 134 248 336 362 374 409 485 
Color 15: 56 87 168 175 177 268 291 322 324 
Color 16: 71 95 97 143 169 180 225 358 
Color 17: 57 58 252 266 288 306 360 
Color 18: 65 274 354 379 384 395 418 478 
Color 19: 20 36 79 214 245 277 287 335 
Color 20: 94 101 117 128 135 276 281 
Color 21: 33 50 116 241 307 421 439 474 
Color 22: 38 68 196 211 278 404 456 484 
Color 23: 40 107 218 219 279 357 438 
Color 24: 70 122 131 182 197 294 470 480 
Color 25: 13 215 216 227 352 363 454 
Color 26: 45 86 158 185 228 229 331 372 385 
Color 27: 16 154 188 272 351 378 416 447 
Color 28: 93 141 212 320 376 389 400 427 
Color 29: 54 191 342 361 408 429 467 493 
Color 30: 2 29 207 221 286 383 406 
Color 31: 136 247 255 317 346 432 434 465 
Color 32: 25 37 137 269 442 444 472 
Color 33: 91 109 123 145 157 263 330 
Color 34: 1 18 48 92 388 475 487 
Color 35: 90 150 304 366 397 437 445 459 497 
Color 36: 31 75 82 108 138 153 170 259 341 391 
Color 37: 11 39 181 183 244 417 424 469 499 
Color 38: 78 124 256 300 305 348 477 
Color 39: 60 98 187 333 367 393 441 451 
Color 40: 64 129 236 282 298 310 369 
Color 41: 32 41 105 120 171 246 275 302 
Color 42: 3 34 55 59 202 338 413 
Color 43: 99 178 190 328 345 353 364 462 
Color 44: 119 155 205 240 250 292 398 471 
Color 45: 162 223 285 370 386 399 491 
Color 46: 7 83 126 253 265 270 350 415 
Color 47: 4 8 110 133 148 258 380 426 
Color 48: 17 76 121 172 264 407 458 479 
Color 49: 30 61 113 139 151 193 239 260 425 
Color 50: 96 368 387 392 446 461 490 492 
Color 51: 42 73 198 303 326 443 
Color 52: 19 22 66 201 231 334 390 396 448 
Color 53: 74 112 206 301 382 411 453 
Color 54: 104 149 166 194 344 457 466 498 
Color 55: 12 63 184 233 347 375 
Color 56: 23 176 186 254 316 403 
Color 57: 27 130 140 299 313 464 
Color 58: 152 192 234 355 414 481 
Color 59: 43 132 217 371 473 486 
Color 60: 9 80 238 309 343 
Color 61: 44 81 160 235 312 440 
Color 62: 49 72 100 163 377 
Color 63: 77 174 319 420 428 
Color 64: 52 142 164 220 410 
Color 65: 15 325 359 394 423 
Color 66: 35 84 226 323 430 476 
Color 67: 318 402 
Color 68: 262 339 
-------
Chromatic number: 22

Color 1: 16 22 96 112 117 
Color 2: 11 12 56 57 94 105 108 
Color 3: 6 10 37 46 81 113 
Color 4: 15 19 91 97 98 103 
Color 5: 9 62 64 75 118 
Color 6: 8 23 34 71 76 116 
Color 7: 2 5 7 21 74 110 
Color 8: 48 49 78 101 115 
Color 9: 29 31 45 50 77 92 100 
Color 10: 32 33 53 65 66 
Color 11: 68 73 79 84 86 107 114 
Color 12: 43 55 72 80 83 120 
Color 13: 20 28 36 51 59 63 106 
Color 14: 1 4 13 17 24 93 104 
Color 15: 26 52 69 82 85 87 89 119 
Color 16: 3 38 39 40 61 88 
Color 17: 27 41 42 67 90 
Color 18: 14 25 35 60 70 109 
Color 19: 54 58 102 
Color 20: 18 30 95 
Color 21: 44 99 111 
-------
Chromatic number: 3

Color 1: 1 6 
Color 2: 2 4 8 
-------
Chromatic number: 150

Color 1: 40 153 226 301 434 544 868 882 978 1239 
Color 2: 23 211 219 225 244 655 795 1055 1180 
Color 3: 168 387 406 426 535 594 600 607 972 1068 
Color 4: 6 282 497 574 703 877 1047 1228 1233 
Color 5: 2 111 164 223 287 288 297 606 688 999 1211 
Color 6: 56 138 142 242 263 270 414 552 998 1117 
Color 7: 159 210 407 530 741 1026 1028 1066 
Color 8: 41 69 107 232 401 518 615 705 1003 1208 
Color 9: 45 123 140 355 435 601 656 763 792 834 
Color 10: 7 31 148 180 280 411 976 1005 1074 1221 
Color 11: 38 59 455 551 777 780 931 1016 1049 1070 1131 
Color 12: 191 447 529 586 700 1021 1094 1126 
Color 13: 154 367 384 424 517 855 962 1042 1067 1232 1235 
Color 14: 26 174 448 617 647 698 823 881 1167 
Color 15: 117 247 353 671 721 786 817 898 1245 
Color 16: 99 300 366 528 539 722 808 1044 1226 
Color 17: 341 372 555 602 706 742 831 853 940 1178 
Color 18: 27 105 560 608 620 743 767 860 1061 
Color 19: 228 276 391 689 919 964 1122 1179 
Color 20: 313 427 465 567 571 749 761 803 858 1052 
Color 21: 208 302 508 638 816 959 1040 1158 1176 1218 
Color 22: 330 359 385 428 724 838 971 1002 1084 1101 1166 
Color 23: 13 155 344 479 490 989 1032 1202 
Color 24: 9 250 269 278 342 390 591 791 981 990 
Color 25: 97 110 143 363 545 707 751 878 
Color 26: 75 377 556 619 1092 1100 1132 1230 
Color 27: 73 89 369 558 573 755 758 815 1219 
Color 28: 47 290 326 570 784 854 867 900 1120 
Color 29: 98 281 324 498 672 782 863 1096 1108 1161 
Color 30: 133 192 603 631 765 908 986 1082 1146 1227 
Color 31: 74 137 515 595 651 682 756 812 1007 1056 
Color 32: 46 405 469 639 691 746 775 821 830 
Color 33: 53 62 197 333 421 565 614 833 847 956 1141 
Color 34: 235 262 293 362 382 423 437 579 811 1045 
Color 35: 121 415 473 514 576 618 752 896 980 1006 
Color 36: 36 258 412 764 779 873 1022 1050 
Color 37: 50 365 462 611 757 776 899 1058 1133 
Color 38: 1 55 162 185 395 474 826 1035 1199 
Color 39: 37 124 126 239 400 502 506 580 912 
Color 40: 15 161 202 446 516 525 720 827 979 
Color 41: 82 145 233 238 246 730 801 848 903 1018 
Color 42: 104 151 312 388 399 616 739 936 1148 1229 
Color 43: 10 150 243 356 644 783 806 890 1031 
Color 44: 12 135 335 588 852 871 1013 1144 1149 
Color 45: 379 417 438 562 630 714 874 880 1142 
Color 46: 57 322 396 419 504 766 818 862 1004 1153 1195 
Color 47: 78 217 349 526 540 642 719 1054 1115 1143 
Color 48: 29 51 160 547 550 636 1017 1023 1127 1181 
Color 49: 28 116 572 648 798 915 1184 1188 1243 
Color 50: 190 408 409 494 727 787 805 843 1198 
Color 51: 88 431 453 460 596 662 859 938 1238 
Color 52: 18 374 501 563 685 713 879 1138 1207 
Color 53: 205 218 320 534 702 836 865 866 1037 1145 
Color 54: 327 334 339 358 769 797 925 968 1029 
Color 55: 354 577 578 673 736 800 864 1090 1193 
Color 56: 70 109 308 445 747 1014 1039 1136 1169 1249 
Color 57: 90 165 241 393 485 666 951 1076 1121 
Color 58: 22 477 599 628 677 711 953 973 1159 
Color 59: 21 169 187 323 674 684 845 894 954 1171 1187 
Color 60: 274 296 420 454 554 694 992 1064 1130 
Color 61: 52 178 261 340 678 828 850 895 1036 
Color 62: 303 398 590 669 760 857 902 1123 1186 
Color 63: 39 491 537 920 1024 1073 1194 
Color 64: 129 189 229 236 667 710 952 960 1069 1172 
Color 65: 212 264 605 790 875 909 1111 1119 1210 
Color 66: 266 499 569 664 704 1057 1072 1080 1244 
Color 67: 19 25 35 403 413 726 839 841 1150 
Color 68: 72 120 188 772 842 927 967 1093 1201 
Color 69: 127 152 179 304 459 468 668 670 1155 
Color 70: 34 100 345 360 921 1089 1163 
Color 71: 14 316 482 532 788 916 935 939 1125 
Color 72: 79 268 279 347 450 918 1077 1129 1212 
Color 73: 4 255 343 472 542 829 904 1065 1151 1197 1223 
Color 74: 16 83 119 234 259 271 321 789 794 
Color 75: 175 299 336 441 495 584 589 905 937 
Color 76: 184 524 598 697 735 876 1079 1139 1237 
Color 77: 267 458 597 695 715 844 1010 1173 1250 
Color 78: 91 231 273 277 371 486 557 566 804 822 1217 
Color 79: 146 195 289 378 568 729 888 985 1246 
Color 80: 3 298 370 386 432 646 675 885 995 1041 
Color 81: 58 76 167 220 257 759 961 1110 1203 
Color 82: 87 348 493 725 814 856 1185 1248 
Color 83: 480 484 575 604 692 796 1192 1247 
Color 84: 11 66 71 661 732 799 958 1104 1196 
Color 85: 80 118 172 253 733 774 933 1105 1200 
Color 86: 130 394 513 660 781 861 930 1088 1215 
Color 87: 128 319 466 538 649 807 819 825 1112 
Color 88: 44 94 108 200 214 251 392 422 1170 
Color 89: 24 227 665 699 770 965 974 977 1204 
Color 90: 171 206 329 609 846 1038 1048 1191 
Color 91: 436 461 592 627 723 802 907 1113 1135 1206 
Color 92: 64 125 209 272 397 500 546 1087 1118 1241 
Color 93: 96 144 383 548 910 944 1025 1075 
Color 94: 20 182 286 522 712 997 1030 1183 1236 
Color 95: 149 198 457 564 737 748 886 984 1099 1175 
Color 96: 373 492 543 549 593 637 869 883 1137 
Color 97: 48 295 337 433 503 582 629 653 778 837 
Color 98: 114 134 442 463 496 949 991 1008 1231 
Color 99: 33 122 265 307 559 950 1078 1162 
Color 100: 136 204 309 331 451 773 913 1033 1034 
Color 101: 65 222 254 292 315 381 744 1157 
Color 102: 275 310 439 481 487 585 835 1214 
Color 103: 177 402 456 531 696 988 1106 1114 1124 
Color 104: 176 610 658 663 884 901 929 1015 1220 
Color 105: 509 520 680 892 966 1083 1109 1222 
Color 106: 207 284 291 380 410 709 969 993 1140 
Color 107: 81 92 113 132 404 429 464 632 891 911 1189 
Color 108: 49 147 418 624 635 922 1225 
Color 109: 196 201 351 440 809 849 887 1043 
Color 110: 85 139 157 186 970 996 1001 1107 
Color 111: 68 194 311 654 934 945 1190 
Color 112: 93 306 317 425 452 489 561 957 
Color 113: 30 294 368 470 583 1063 1224 
Color 114: 43 541 634 659 683 851 941 1081 
Color 115: 42 248 350 357 519 640 718 824 1019 1164 
Color 116: 17 170 173 389 623 820 1152 
Color 117: 8 63 141 216 325 641 643 948 
Color 118: 193 681 734 872 946 1213 
Color 119: 112 215 375 625 650 942 
Color 120: 131 338 521 687 924 975 1011 
Color 121: 115 158 612 750 785 889 1062 1103 
Color 122: 376 717 738 840 947 982 1085 
Color 123: 60 163 240 645 943 1095 1097 1165 
Color 124: 54 67 364 511 1012 1216 
Color 125: 252 285 314 690 740 793 917 
Color 126: 103 305 332 475 906 1060 1240 
Color 127: 101 478 613 652 1174 1182 
Color 128: 32 77 510 983 1160 1209 
Color 129: 245 256 476 994 1000 1046 
Color 130: 106 533 923 955 1098 1147 
Color 131: 346 361 768 1051 1091 1168 
Color 132: 237 430 444 745 1071 1242 
Color 133: 183 443 507 701 870 1102 
Color 134: 328 467 527 581 832 1116 1234 
Color 135: 5 86 352 622 716 753 
Color 136: 61 224 260 318 731 754 
Color 137: 283 536 587 676 1027 1059 
Color 138: 166 203 213 471 708 810 
Color 139: 84 657 914 1154 
Color 140: 488 505 771 932 1020 1205 
Color 141: 449 483 512 693 762 
Color 142: 102 156 416 633 1009 
Color 143: 181 230 679 728 926 
Color 144: 221 249 553 813 1053 1086 
Color 145: 199 626 987 
Color 146: 523 621 893 963 1177 
Color 147: 686 1128 
Color 148: 95 897 1134 
Color 149: 1156 
-------
Chromatic number: 69

Color 1: 21 147 173 179 203 237 296 381 
Color 2: 85 204 222 232 261 401 
Color 3: 165 213 289 321 332 356 412 500 
Color 4: 26 67 103 125 208 271 295 494 495 
Color 5: 14 161 195 249 267 297 311 337 
Color 6: 115 127 156 189 273 293 431 468 
Color 7: 209 243 251 284 365 435 460 482 489 
Color 8: 28 46 118 210 224 315 455 496 
Color 9: 51 62 106 280 405 419 463 483 
Color 10: 10 24 53 69 88 290 340 449 
Color 11: 111 146 199 283 308 314 433 452 
Color 12: 5 89 144 159 167 230 242 257 373 
Color 13: 47 102 114 200 327 329 349 436 450 488 
Color 14: 6 134 248 336 362 374 409 485 
Color 15: 56 87 168 175 177 268 291 322 324 
Color 16: 71 95 97 143 169 180 225 358 
Color 17: 57 58 252 266 288 306 360 
Color 18: 65 274 354 379 384 395 418 478 
Color 19: 20 36 79 214 245 277 287 335 
Color 20: 94 101 117 128 135 276 281 
Color 21: 33 50 116 241 307 421 439 474 
Color 22: 38 68 196 211 278 404 456 484 
Color 23: 40 107 218 219 279 357 438 
Color 24: 70 122 131 182 197 294 470 480 
Color 25: 13 215 216 227 352 363 454 
Color 26: 45 86 158 185 228 229 331 372 385 
Color 27: 16 154 188 272 351 378 416 447 
Color 28: 93 141 212 320 376 389 400 427 
Color 29: 54 191 342 361 408 429 467 493 
Color 30: 2 29 207 221 286 383 406 
Color 31: 136 247 255 317 346 432 434 465 
Color 32: 25 37 137 269 442 444 472 
Color 33: 91 109 123 145 157 263 330 
Color 34: 1 18 48 92 388 475 487 
Color 35: 90 150 304 366 397 437 445 459 497 
Color 36: 31 75 82 108 138 153 170 259 341 391 
Color 37: 11 39 181 183 244 417 424 469 499 
Color 38: 78 124 256 300 305 348 477 
Color 39: 60 98 187 333 367 393 441 451 
Color 40: 64 129 236 282 298 310 369 
Color 41: 32 41 105 120 171 246 275 302 
Color 42: 3 34 55 59 202 338 413 
Color 43: 99 178 190 328 345 353 364 462 
Color 44: 119 155 205 240 250 292 398 471 
Color 45: 162 223 285 370 386 399 491 
Color 46: 7 83 126 253 265 270 350 415 
Color 47: 4 8 110 133 148 258 380 426 
Color 48: 17 76 121 172 264 407 458 479 
Color 49: 30 61 113 139 151 193 239 260 425 
Color 50: 96 368 387 392 446 461 490 492 
Color 51: 42 73 198 303 326 443 
Color 52: 19 22 66 201 231 334 390 396 448 
Color 53: 74 112 206 301 382 411 453 
Color 54: 104 149 166 194 344 457 466 498 
Color 55: 12 63 184 233 347 375 
Color 56: 23 176 186 254 316 403 
Color 57: 27 130 140 299 313 464 
Color 58: 152 192 234 355 414 481 
Color 59: 43 132 217 371 473 486 
Color 60: 9 80 238 309 343 
Color 61: 44 81 160 235 312 440 
Color 62: 49 72 100 163 377 
Color 63: 77 174 319 420 428 
Color 64: 52 142 164 220 410 
Color 65: 15 325 359 394 423 
Color 66: 35 84 226 323 430 476 
Color 67: 318 402 
Color 68: 262 339 
-------
Chromatic number: 22

Color 1: 16 22 96 112 117 
Color 2: 11 12 56 57 94 105 108 
Color 3: 6 10 37 46 81 113 
Color 4: 15 19 91 97 98 103 
Color 5: 9 62 64 75 118 
Color 6: 8 23 34 71 76 116 
Color 7: 2 5 7 21 74 110 
Color 8: 48 49 78 101 115 
Color 9: 29 31 45 50 77 92 100 
Color 10: 32 33 53 65 66 
Color 11: 68 73 79 84 86 107 114 
Color 12: 43 55 72 80 83 120 
Color 13: 20 28 36 51 59 63 106 
Color 14: 1 4 13 17 24 93 104 
Color 15: 26 52 69 82 85 87 89 119 
Color 16: 3 38 39 40 61 88 
Color 17: 27 41 42 67 90 
Color 18: 14 25 35 60 70 109 
Color 19: 54 58 102 
Color 20: 18 30 95 
Color 21: 44 99 111 
-------
Chromatic number: 3

Color 1: 1 6 
Color 2: 2 4 8 
-------
