Chromatic number: 150

Color 1: 39 152 225 300 433 543 867 881 977 1238 
Color 2: 22 210 218 224 243 654 794 1054 1179 
Color 3: 167 386 405 425 534 593 599 606 971 1067 
Color 4: 5 281 496 573 702 876 1046 1227 1232 
Color 5: 1 110 163 222 286 287 296 605 687 998 1210 
Color 6: 55 137 141 241 262 269 413 551 997 1116 
Color 7: 158 209 406 529 740 1025 1027 1065 
Color 8: 40 68 106 231 400 517 614 704 1002 1207 
Color 9: 44 122 139 354 434 600 655 762 791 833 
Color 10: 6 30 147 179 279 410 975 1004 1073 1220 
Color 11: 37 58 454 550 776 779 930 1015 1048 1069 1130 
Color 12: 190 446 528 585 699 1020 1093 1125 
Color 13: 153 366 383 423 516 854 961 1041 1066 1231 1234 
Color 14: 25 173 447 616 646 697 822 880 1166 
Color 15: 116 246 352 670 720 785 816 897 1244 
Color 16: 98 299 365 527 538 721 807 1043 1225 
Color 17: 340 371 554 601 705 741 830 852 939 1177 
Color 18: 26 104 559 607 619 742 766 859 1060 
Color 19: 227 275 390 688 918 963 1121 1178 
Color 20: 312 426 464 566 570 748 760 802 857 1051 
Color 21: 207 301 507 637 815 958 1039 1157 1175 1217 
Color 22: 329 358 384 427 723 837 970 1001 1083 1100 1165 
Color 23: 12 154 343 478 489 988 1031 1201 
Color 24: 8 249 268 277 341 389 590 790 980 989 
Color 25: 96 109 142 362 544 706 750 877 
Color 26: 74 376 555 618 1091 1099 1131 1229 
Color 27: 72 88 368 557 572 754 757 814 1218 
Color 28: 46 289 325 569 783 853 866 899 1119 
Color 29: 97 280 323 497 671 781 862 1095 1107 1160 
Color 30: 132 191 602 630 764 907 985 1081 1145 1226 
Color 31: 73 136 514 594 650 681 755 811 1006 1055 
Color 32: 45 404 468 638 690 745 774 820 829 
Color 33: 52 61 196 332 420 564 613 832 846 955 1140 
Color 34: 234 261 292 361 381 422 436 578 810 1044 
Color 35: 120 414 472 513 575 617 751 895 979 1005 
Color 36: 35 257 411 763 778 872 1021 1049 
Color 37: 49 364 461 610 756 775 898 1057 1132 
Color 38: 0 54 161 184 394 473 825 1034 1198 
Color 39: 36 123 125 238 399 501 505 579 911 
Color 40: 14 160 201 445 515 524 719 826 978 
Color 41: 81 144 232 237 245 729 800 847 902 1017 
Color 42: 103 150 311 387 398 615 738 935 1147 1228 
Color 43: 9 149 242 355 643 782 805 889 1030 
Color 44: 11 134 334 587 851 870 1012 1143 1148 
Color 45: 378 416 437 561 629 713 873 879 1141 
Color 46: 56 321 395 418 503 765 817 861 1003 1152 1194 
Color 47: 77 216 348 525 539 641 718 1053 1114 1142 
Color 48: 28 50 159 546 549 635 1016 1022 1126 1180 
Color 49: 27 115 571 647 797 914 1183 1187 1242 
Color 50: 189 407 408 493 726 786 804 842 1197 
Color 51: 87 430 452 459 595 661 858 937 1237 
Color 52: 17 373 500 562 684 712 878 1137 1206 
Color 53: 204 217 319 533 701 835 864 865 1036 1144 
Color 54: 326 333 338 357 768 796 924 967 1028 
Color 55: 353 576 577 672 735 799 863 1089 1192 
Color 56: 69 108 307 444 746 1013 1038 1135 1168 1248 
Color 57: 89 164 240 392 484 665 950 1075 1120 
Color 58: 21 476 598 627 676 710 952 972 1158 
Color 59: 20 168 186 322 673 683 844 893 953 1170 1186 
Color 60: 273 295 419 453 553 693 991 1063 1129 
Color 61: 51 177 260 339 677 827 849 894 1035 
Color 62: 302 397 589 668 759 856 901 1122 1185 
Color 63: 38 490 536 919 1023 1072 1193 
Color 64: 128 188 228 235 666 709 951 959 1068 1171 
Color 65: 211 263 604 789 874 908 1110 1118 1209 
Color 66: 265 498 568 663 703 1056 1071 1079 1243 
Color 67: 18 24 34 402 412 725 838 840 1149 
Color 68: 71 119 187 771 841 926 966 1092 1200 
Color 69: 126 151 178 303 458 467 667 669 1154 
Color 70: 33 99 344 359 920 1088 1162 
Color 71: 13 315 481 531 787 915 934 938 1124 
Color 72: 78 267 278 346 449 917 1076 1128 1211 
Color 73: 3 254 342 471 541 828 903 1064 1150 1196 1222 
Color 74: 15 82 118 233 258 270 320 788 793 
Color 75: 174 298 335 440 494 583 588 904 936 
Color 76: 183 523 597 696 734 875 1078 1138 1236 
Color 77: 266 457 596 694 714 843 1009 1172 1249 
Color 78: 90 230 272 276 370 485 556 565 803 821 1216 
Color 79: 145 194 288 377 567 728 887 984 1245 
Color 80: 2 297 369 385 431 645 674 884 994 1040 
Color 81: 57 75 166 219 256 758 960 1109 1202 
Color 82: 86 347 492 724 813 855 1184 1247 
Color 83: 479 483 574 603 691 795 1191 1246 
Color 84: 10 65 70 660 731 798 957 1103 1195 
Color 85: 79 117 171 252 732 773 932 1104 1199 
Color 86: 129 393 512 659 780 860 929 1087 1214 
Color 87: 127 318 465 537 648 806 818 824 1111 
Color 88: 43 93 107 199 213 250 391 421 1169 
Color 89: 23 226 664 698 769 964 973 976 1203 
Color 90: 170 205 328 608 845 1037 1047 1190 
Color 91: 435 460 591 626 722 801 906 1112 1134 1205 
Color 92: 63 124 208 271 396 499 545 1086 1117 1240 
Color 93: 95 143 382 547 909 943 1024 1074 
Color 94: 19 181 285 521 711 996 1029 1182 1235 
Color 95: 148 197 456 563 736 747 885 983 1098 1174 
Color 96: 372 491 542 548 592 636 868 882 1136 
Color 97: 47 294 336 432 502 581 628 652 777 836 
Color 98: 113 133 441 462 495 948 990 1007 1230 
Color 99: 32 121 264 306 558 949 1077 1161 
Color 100: 135 203 308 330 450 772 912 1032 1033 
Color 101: 64 221 253 291 314 380 743 1156 
Color 102: 274 309 438 480 486 584 834 1213 
Color 103: 176 401 455 530 695 987 1105 1113 1123 
Color 104: 175 609 657 662 883 900 928 1014 1219 
Color 105: 508 519 679 891 965 1082 1108 1221 
Color 106: 206 283 290 379 409 708 968 992 1139 
Color 107: 80 91 112 131 403 428 463 631 890 910 1188 
Color 108: 48 146 417 623 634 921 1224 
Color 109: 195 200 350 439 808 848 886 1042 
Color 110: 84 138 156 185 969 995 1000 1106 
Color 111: 67 193 310 653 933 944 1189 
Color 112: 92 305 316 424 451 488 560 956 
Color 113: 29 293 367 469 582 1062 1223 
Color 114: 42 540 633 658 682 850 940 1080 
Color 115: 41 247 349 356 518 639 717 823 1018 1163 
Color 116: 16 169 172 388 622 819 1151 
Color 117: 7 62 140 215 324 640 642 947 
Color 118: 192 680 733 871 945 1212 
Color 119: 111 214 374 624 649 941 
Color 120: 130 337 520 686 923 974 1010 
Color 121: 114 157 611 749 784 888 1061 1102 
Color 122: 375 716 737 839 946 981 1084 
Color 123: 59 162 239 644 942 1094 1096 1164 
Color 124: 53 66 363 510 1011 1215 
Color 125: 251 284 313 689 739 792 916 
Color 126: 102 304 331 474 905 1059 1239 
Color 127: 100 477 612 651 1173 1181 
Color 128: 31 76 509 982 1159 1208 
Color 129: 244 255 475 993 999 1045 
Color 130: 105 532 922 954 1097 1146 
Color 131: 345 360 767 1050 1090 1167 
Color 132: 236 429 443 744 1070 1241 
Color 133: 182 442 506 700 869 1101 
Color 134: 327 466 526 580 831 1115 1233 
Color 135: 4 85 351 621 715 752 
Color 136: 60 223 259 317 730 753 
Color 137: 282 535 586 675 1026 1058 
Color 138: 165 202 212 470 707 809 
Color 139: 83 656 913 1153 
Color 140: 487 504 770 931 1019 1204 
Color 141: 448 482 511 692 761 
Color 142: 101 155 415 632 1008 
Color 143: 180 229 678 727 925 
Color 144: 220 248 552 812 1052 1085 
Color 145: 198 625 986 
Color 146: 522 620 892 962 1176 
Color 147: 685 1127 
Color 148: 94 896 1133 
Color 149: 1155 
Color 150: 927 
-------
Chromatic number: 69

Color 1: 20 146 172 178 202 236 295 380 
Color 2: 84 203 221 231 260 400 
Color 3: 164 212 288 320 331 355 411 499 
Color 4: 25 66 102 124 207 270 294 493 494 
Color 5: 13 160 194 248 266 296 310 336 
Color 6: 114 126 155 188 272 292 430 467 
Color 7: 208 242 250 283 364 434 459 481 488 
Color 8: 27 45 117 209 223 314 454 495 
Color 9: 50 61 105 279 404 418 462 482 
Color 10: 9 23 52 68 87 289 339 448 
Color 11: 110 145 198 282 307 313 432 451 
Color 12: 4 88 143 158 166 229 241 256 372 
Color 13: 46 101 113 199 326 328 348 435 449 487 
Color 14: 5 133 247 335 361 373 408 484 
Color 15: 55 86 167 174 176 267 290 321 323 
Color 16: 70 94 96 142 168 179 224 357 
Color 17: 56 57 251 265 287 305 359 
Color 18: 64 273 353 378 383 394 417 477 
Color 19: 19 35 78 213 244 276 286 334 
Color 20: 93 100 116 127 134 275 280 
Color 21: 32 49 115 240 306 420 438 473 
Color 22: 37 67 195 210 277 403 455 483 
Color 23: 39 106 217 218 278 356 437 
Color 24: 69 121 130 181 196 293 469 479 
Color 25: 12 214 215 226 351 362 453 
Color 26: 44 85 157 184 227 228 330 371 384 
Color 27: 15 153 187 271 350 377 415 446 
Color 28: 92 140 211 319 375 388 399 426 
Color 29: 53 190 341 360 407 428 466 492 
Color 30: 1 28 206 220 285 382 405 
Color 31: 135 246 254 316 345 431 433 464 
Color 32: 24 36 136 268 441 443 471 
Color 33: 90 108 122 144 156 262 329 
Color 34: 0 17 47 91 387 474 486 
Color 35: 89 149 303 365 396 436 444 458 496 
Color 36: 30 74 81 107 137 152 169 258 340 390 
Color 37: 10 38 180 182 243 416 423 468 498 
Color 38: 77 123 255 299 304 347 476 
Color 39: 59 97 186 332 366 392 440 450 
Color 40: 63 128 235 281 297 309 368 
Color 41: 31 40 104 119 170 245 274 301 
Color 42: 2 33 54 58 201 337 412 
Color 43: 98 177 189 327 344 352 363 461 
Color 44: 118 154 204 239 249 291 397 470 
Color 45: 161 222 284 369 385 398 490 
Color 46: 6 82 125 252 264 269 349 414 
Color 47: 3 7 109 132 147 257 379 425 
Color 48: 16 75 120 171 263 406 457 478 
Color 49: 29 60 112 138 150 192 238 259 424 
Color 50: 95 367 386 391 445 460 489 491 
Color 51: 41 72 197 302 325 442 
Color 52: 18 21 65 200 230 333 389 395 447 
Color 53: 73 111 205 300 381 410 452 
Color 54: 103 148 165 193 343 456 465 497 
Color 55: 11 62 183 232 346 374 
Color 56: 22 175 185 253 315 402 
Color 57: 26 129 139 298 312 463 
Color 58: 151 191 233 354 413 480 
Color 59: 42 131 216 370 472 485 
Color 60: 8 79 237 308 342 
Color 61: 43 80 159 234 311 439 
Color 62: 48 71 99 162 376 
Color 63: 76 173 318 419 427 
Color 64: 51 141 163 219 409 
Color 65: 14 324 358 393 422 
Color 66: 34 83 225 322 429 475 
Color 67: 317 401 
Color 68: 261 338 
Color 69: 421 
-------
Chromatic number: 22

Color 1: 15 21 95 111 116 
Color 2: 10 11 55 56 93 104 107 
Color 3: 5 9 36 45 80 112 
Color 4: 14 18 90 96 97 102 
Color 5: 8 61 63 74 117 
Color 6: 7 22 33 70 75 115 
Color 7: 1 4 6 20 73 109 
Color 8: 47 48 77 100 114 
Color 9: 28 30 44 49 76 91 99 
Color 10: 31 32 52 64 65 
Color 11: 67 72 78 83 85 106 113 
Color 12: 42 54 71 79 82 119 
Color 13: 19 27 35 50 58 62 105 
Color 14: 0 3 12 16 23 92 103 
Color 15: 25 51 68 81 84 86 88 118 
Color 16: 2 37 38 39 60 87 
Color 17: 26 40 41 66 89 
Color 18: 13 24 34 59 69 108 
Color 19: 53 57 101 
Color 20: 17 29 94 
Color 21: 43 98 110 
Color 22: 46 
-------
Chromatic number: 3

Color 1: 0 5 
Color 2: 1 3 7 
Color 3: 2 4 6 
-------
